-
0 - 400
0-400
0 - 4000 - 400
0-4000-400
101
101101
102
102102
103
103103
104 - 125
104 - 125104 - 125
105
105105
105 - 125
105 - 125105 - 125
106 - 125
106 - 125106 - 125
107 - 425
107 - 425107 - 425
108 - 425
108 - 425108 - 425
109 - 425
109 - 425109 - 425
109 - 429
109 - 429109 - 429
110 - 429
110 - 429110 - 429
111 - 433
111 - 433111 - 433
112 - 433
112 - 433112 - 433
113
113113
115
115115
116 - 229
116 - 229116 - 229
117 - 253
117 - 253117 - 253
118 - 255
118 - 255118 - 255
121
121121
123456
127
127127
128
128128
129
129129
130
130130
131
131131
201
201201
202
202202
20240 - 400
20240-400
2024101
2024102
2024103
2024104 - 125
2024105
2024105 - 125
2024106 - 125
2024107 - 425
2024108 - 425
2024109 - 425
2024109 - 429
2024110 - 429
2024111 - 433
2024112 - 433
2024113
2024115
2024116 - 229
2024117 - 253
2024118 - 255
2024121
2024127
2024128
2024129
2024130
2024131
2024201
2024202
2024203
2024204
2024205
2024206
2024207
2024208
2024209
2024210
2024212
2024213
2024214
2024215
2024216
2024217 - 218
2024218
2024222
2024223
2024227
2024229
2024254 - 253
2024255
2024255 - 253
2024255 -253
2024256
2024256 - 253
2024262
2024265
2024266
2024268
2024269
2024270
2024301
2024302
2024303
2024304
2024305
2024306
2024307
2024308
2024309
2024310
2024311
2024312
2024313
2024314
2024314-374
2024315
2024316
2024317
2024318
2024324
2024329
2024331 - 381
2024333
2024340
2024345
2024349
2024362
2024363
2024364
2024365
2024366
2024368
2024370
2024371
2024372
2024374
2024401
2024402
2024404
2024405
2024406
2024407
2024408
2024413
2024414
2024415
2024416
2024421
2024425
2024425 - 427
2024425-427
2024425-427-414
2024429
2024433
2024(433)-3046
20244334077
2024460
2024462
2024Dr. Barraco
2024Dr. Reula
2024El 03.12.02
2024El 05.07.03
2024El 17.06.03
2024El 30.04.03
2024El 30.06.03
2024El 31.07.03
2024El 31.08.02
203
203203
204
204204
205
205205
206
206206
207
207207
208
208208
209
209209
210
210210
212
212212
213
213213
214
214214
215
215215
216
216216
217 - 218
217 - 218217 - 218
218
218218
222
222222
223
223223
227
227227
229
229229
254 - 253
254 - 253254 - 253
255
255 - 253
255 -253
255 - 253255 - 253
255 -253255 -253
255255
256
256 - 253
256 - 253256 - 253
256256
262
262262
265
265265
266
266266
268
268268
269
269269
270
270270
301
301301
302
302302
303
303303
304
304304
305
305305
306
306306
307
307307
308
308308
309
309309
310
310310
311
311311
312
312312
313
313313
314
314314
314-374
314-374314-374
315
315315
316
316316
317
317317
318
318318
324
324324
329
329329
331 - 381
331 - 381331 - 381
333
333333
340
340340
345
345345
349
349349
362
362362
363
363363
364
364364
365
365365
366
366366
368
368368
370
370370
371
371371
372
372372
374
374374
401
401401
402
402402
404
404404
405
405405
406
406406
407
407407
408
408408
413
413413
414
414414
415
415415
416
416416
421
421421
425
425425
425 - 427
425-427
425-427-414
425-427-414425-427-414
425 - 427425 - 427
425-427425-427
429
429429
433
(433)-3046
(433)-3046(433)-3046
4334077
43340774334077
433433
460
460460
462
462462
admin
adminadmin
administrador
administradoradministrador
Dr. Barraco
Dr. BarracoDr. Barraco
Dr. Reula
Dr. ReulaDr. Reula
El 03.12.02
El 03.12.02El 03.12.02
El 05.07.03
El 05.07.03El 05.07.03
El 17.06.03
El 17.06.03El 17.06.03
El 30.04.03
El 30.04.03El 30.04.03
El 30.06.03
El 30.06.03El 30.06.03
El 31.07.03
El 31.07.03El 31.07.03
El 31.08.02
El 31.08.02El 31.08.02
empresa2024
hackme
password
root
root123
toor
