root
toor
adminadmin
admin
administradoradministrador
administrador
password
123456
root123
hackme
empresa2024
324
324324
2024324
421
421421
2024421
312
312312
2024312
128
128128
2024128
255 -253
255 -253255 -253
2024255 -253
301
301301
2024301
333
333333
2024333
270
270270
2024270
333
333333
2024333
415
415415
2024415
129
129129
2024129
318
318318
2024318
0-400
0-4000-400
20240-400
256 - 253
256 - 253256 - 253
2024256 - 253
433
433433
2024433
404
404404
2024404
307
307307
2024307
255 - 253
255 - 253255 - 253
2024255 - 253
216
216216
2024216
340
340340
2024340
402
402402
2024402
208
208208
2024208
333
333333
2024333
-
364
364364
2024364
103
103103
2024103
227
227227
2024227
311
311311
2024311
106 - 125
106 - 125106 - 125
2024106 - 125
105
105105
2024105
127
127127
2024127
364
364364
2024364
429
429429
2024429
265
265265
2024265
105 - 125
105 - 125105 - 125
2024105 - 125
317
317317
2024317
202
202202
2024202
-
324
324324
2024324
112 - 433
112 - 433112 - 433
2024112 - 433
101
101101
2024101
324
324324
2024324
113
113113
2024113
309
309309
2024309
127
127127
2024127
401
401401
2024401
129
129129
2024129
266
266266
2024266
340
340340
2024340
333
333333
2024333
218
218218
2024218
117 - 253
117 - 253117 - 253
2024117 - 253
324
324324
2024324
El 03.12.02
El 03.12.02El 03.12.02
2024El 03.12.02
222
222222
2024222
115
115115
2024115
416
416416
2024416
425-427
425-427425-427
2024425-427
El 03.12.02
El 03.12.02El 03.12.02
2024El 03.12.02
310
310310
2024310
340
340340
2024340
256
256256
2024256
407
407407
2024407
105 - 125
105 - 125105 - 125
2024105 - 125
324
324324
2024324
128
128128
2024128
302
302302
2024302
4334077
43340774334077
20244334077
365
365365
2024365
340
340340
2024340
362
362362
2024362
130
130130
2024130
El 05.07.03
El 05.07.03El 05.07.03
2024El 05.07.03
333
333333
2024333
212
212212
2024212
214
214214
2024214
305
305305
2024305
306
306306
2024306
308
308308
2024308
0 - 400
0 - 4000 - 400
20240 - 400
4334077
43340774334077
20244334077
El 31.07.03
El 31.07.03El 31.07.03
2024El 31.07.03
0 - 400
0 - 4000 - 400
20240 - 400
340
340340
2024340
317
317317
2024317
262
262262
2024262
345
345345
2024345
324
324324
2024324
324
324324
2024324
329
329329
2024329
340
340340
2024340
366
366366
2024366
203
203203
2024203
131
131131
2024131
408
408408
2024408
307
307307
2024307
128
128128
2024128
262
262262
2024262
408
408408
2024408
374
374374
2024374
213
213213
2024213
213
213213
2024213
318
318318
2024318
127
127127
2024127
109 - 429
109 - 429109 - 429
2024109 - 429
340
340340
2024340
255 - 253
255 - 253255 - 253
2024255 - 253
366
366366
2024366
254 - 253
254 - 253254 - 253
2024254 - 253
413
413413
2024413
Dr. Barraco
Dr. BarracoDr. Barraco
2024Dr. Barraco
207
207207
2024207
303
303303
2024303
340
340340
2024340
203
203203
2024203
333
333333
2024333
314
314314
2024314
0 - 400
0 - 4000 - 400
20240 - 400
405
405405
2024405
318
318318
2024318
316
316316
2024316
212
212212
2024212
368
368368
2024368
266
266266
2024266
105
105105
2024105
206
206206
2024206
414
414414
2024414
127
127127
2024127
363
363363
2024363
129
129129
2024129
131
131131
2024131
4334077
43340774334077
20244334077
223
223223
2024223
340
340340
2024340
407
407407
2024407
315
315315
2024315
0 - 400
0 - 4000 - 400
20240 - 400
116 - 229
116 - 229116 - 229
2024116 - 229
107 - 425
107 - 425107 - 425
2024107 - 425
333
333333
2024333
333
333333
2024333
310
310310
2024310
El 17.06.03
El 17.06.03El 17.06.03
2024El 17.06.03
0 - 400
0 - 4000 - 400
20240 - 400
429
429429
2024429
460
460460
2024460
314-374
314-374314-374
2024314-374
433
433433
2024433
201
201201
2024201
229
229229
2024229
108 - 425
108 - 425108 - 425
2024108 - 425
229
229229
2024229
210
210210
2024210
331 - 381
331 - 381331 - 381
2024331 - 381
Dr. Reula
Dr. ReulaDr. Reula
2024Dr. Reula
118 - 255
118 - 255118 - 255
2024118 - 255
El 30.06.03
El 30.06.03El 30.06.03
2024El 30.06.03
215
215215
2024215
(433)-3046
(433)-3046(433)-3046
2024(433)-3046
313
313313
2024313
462
462462
2024462
329
329329
2024329
121
121121
2024121
202
202202
2024202
214
214214
2024214
324
324324
2024324
El 31.08.02
El 31.08.02El 31.08.02
2024El 31.08.02
127
127127
2024127
266
266266
2024266
406
406406
2024406
316
316316
2024316
127
127127
2024127
311
311311
2024311
425-427-414
425-427-414425-427-414
2024425-427-414
460
460460
2024460
131
131131
2024131
363
363363
2024363
128
128128
2024128
433
433433
2024433
314
314314
2024314
333
333333
2024333
460
460460
2024460
113
113113
2024113
255 - 253
255 - 253255 - 253
2024255 - 253
216
216216
2024216
110 - 429
110 - 429110 - 429
2024110 - 429
-
425 - 427
425 - 427425 - 427
2024425 - 427
255
255255
2024255
209
209209
2024209
128
128128
2024128
402
402402
2024402
101
101101
2024101
127
127127
2024127
El 31.07.03
El 31.07.03El 31.07.03
2024El 31.07.03
102
102102
2024102
312
312312
2024312
315
315315
2024315
303
303303
2024303
129
129129
2024129
304
304304
2024304
372
372372
2024372
131
131131
2024131
433
433433
2024433
218
218218
2024218
103
103103
2024103
413
413413
2024413
El 30.04.03
El 30.04.03El 30.04.03
2024El 30.04.03
362
362362
2024362
217 - 218
217 - 218217 - 218
2024217 - 218
302
302302
2024302
204
204204
2024204
-
333
333333
2024333
4334077
43340774334077
20244334077
115
115115
2024115
370
370370
2024370
268
268268
2024268
269
269269
2024269
429
429429
2024429
371
371371
2024371
205
205205
2024205
425 - 427
425 - 427425 - 427
2024425 - 427
104 - 125
104 - 125104 - 125
2024104 - 125
349
349349
2024349
111 - 433
111 - 433111 - 433
2024111 - 433
365
365365
2024365
415
415415
2024415
229
229229
2024229
425
425425
2024425
109 - 425
109 - 425109 - 425
2024109 - 425
